[[ 0.3         0.          4.          0.5         4.        ]
 [ 0.37744365  1.0689864   5.89381506  4.76464398  6.47023176]
 [ 0.37417804  1.41018121  5.77504609  4.22624088  5.30052478]
 [ 0.37526745  1.33587123  5.89003963  4.34177453  4.97200058]
 [ 0.3763567   1.16918275  5.94221649  4.60928661  4.69784823]
 [ 0.37796594  0.93777094  5.95790166  4.97548382  4.37400971]
 [ 0.38108894  0.64338101  5.94240217  5.42050172  3.95194896]
 [ 0.38775425  0.28814884  5.88417432  5.89928018  3.42697347]
 [ 0.40078602 -0.10761576  5.77150893  6.30853782  2.90178311]
 [ 0.4195274  -0.49364857  5.61546998  6.55603991  2.56747311]
 [ 0.43822029 -0.82629209  5.44299789  6.68176051  2.4397377 ]
 [ 0.45539491 -1.11938857  5.26747298  6.74911718  2.40920793]
 [ 0.47213194 -1.39814211  5.09028882  6.78184033  2.41262341]
 [ 0.48900823 -1.67552686  4.90965187  6.78939358  2.42568614]
 [ 0.50613716 -1.95724925  4.72198309  6.77781009  2.4408406 ]
 [ 0.52348788 -2.24601547  4.5231752   6.75114473  2.45646409]
 [ 0.54100588 -2.54285894  4.30992707  6.71165753  2.47278223]
 [ 0.55862151 -2.84733167  4.08034221  6.66039486  2.49072772]
 [ 0.57622557 -3.1574112   3.83398282  6.59797007  2.51168445]
 [ 0.59364293 -3.46935281  3.57177215  6.52527769  2.53725291]
 [ 0.61060322 -3.77735741  3.29624602  6.44408604  2.56873356]
 [ 0.62668465 -4.07263575  3.01289845  6.35768928  2.60626416]
 [ 0.64119746 -4.34133134  2.73357266  6.27196748  2.64769889]
 [ 0.65306285 -4.56204839  2.48269669  6.19639131  2.6878768 ]
 [ 0.66115337 -4.71156725  2.29799548  6.14137016  2.72039795]
 [ 0.66545564 -4.78829121  2.19947786  6.10977566  2.74217043]
 [ 0.66729807 -4.81880657  2.16157423  6.09490013  2.75442735]
 [ 0.66799597 -4.8293974   2.14937822  6.08876172  2.7602204 ]]
